#doc source topic proportion ...
0 javax.microedition.lcdui.Alert 158 0.25359655787239116 37 0.24546638082321073 147 0.07435523554670208 100 0.06894310647745648 156 0.06804261506055706 26 0.06291899742259206 94 0.06111328730720238  
1 javax.microedition.lcdui.AlertType 26 0.4321650806739573 147 0.26142139327584935 37 0.07381613911941932 120 0.06570158407820373  
2 java.lang.ArithmeticException 88 0.33282223978209263 180 0.24794514845537388 62 0.06618954551956119  
3 java.lang.ArrayIndexOutOfBoundsException 180 0.7149741815421563 140 0.053205502887683664  
4 java.lang.ArrayStoreException 180 0.271506187168449 22 0.2276578127048673 3 0.20876828733012417  
5 java.lang.Boolean 62 0.49303347632061895 133 0.28092238884254817  
6 java.lang.Byte 105 0.3364713156464403 180 0.21356302050336612  
7 java.io.ByteArrayInputStream 141 0.37347647108496784 51 0.16073115530331483 117 0.13235041872611952 14 0.10201526685646231  
8 java.io.ByteArrayOutputStream 141 0.33435702107488563 117 0.16178585129882522 180 0.11281108609197321 49 0.097138475516375  
9 java.util.Calendar 43 0.3744844349097922 183 0.29291056264836796 73 0.13515926261186284  
10 javax.microedition.lcdui.Canvas 120 0.20905015594323387 28 0.10318115198261246 100 0.08377431627525066 40 0.07548496053086143 150 0.0667415839903508 197 0.05142923325598101  
11 javax.microedition.pki.Certificate 74 0.48007179156281865 9 0.11476004846554407 160 0.10293156111530273 35 0.09941929190403412 170 0.07965838462249221  
12 javax.microedition.pki.CertificateException 88 0.2543421716965636 134 0.21164484266744954 100 0.07727952514797194 181 0.05614238711758537 79 0.055778460943173035  
13 java.lang.Character 10 0.39242839479666186 62 0.2639961068988224 195 0.059624019782943204 105 0.059269821384835  
14 javax.microedition.lcdui.Choice 129 0.3296773157464021 143 0.0939496438549364 100 0.09061155763598579 80 0.05675894623906088 36 0.054740926739224725 94 0.050686154712266056 181 0.05024370071254311  
15 javax.microedition.lcdui.ChoiceGroup 129 0.2221794622467664 188 0.13353103767426158 135 0.11983707388279714 108 0.11087368698856624 22 0.10547516271485911 181 0.08487522475984545  
16 java.lang.Class 113 0.1980000581614495 174 0.15451045194403434 180 0.15058470703690252 181 0.11743864476242699 11 0.08031347748413681 196 0.06460583119845645 69 0.05677997200396065  
17 java.lang.ClassCastException 180 0.2831365291586264 3 0.2691925537892552 131 0.16908614715912393  
18 java.lang.ClassNotFoundException 79 0.50347986237185 180 0.13984626259402438  
19 javax.microedition.io.CommConnection 177 0.3047788521696289 61 0.1783153273374537 149 0.11660301076636521 12 0.09312574204420132 67 0.0726544662905922 33 0.0535400674913346  
20 javax.microedition.lcdui.Command 92 0.4351229880513489 4 0.15057591290575767 147 0.08877087167640973 100 0.07509400807865817 8 0.05522216650182653  
21 javax.microedition.lcdui.CommandListener 40 0.2186771129610791 181 0.14901862763134185 70 0.14900794904117382 11 0.1273854757636878 158 0.1208995845643736 100 0.08186610584156956  
22 javax.microedition.io.Connection 149 0.4137436139928203 62 0.18114245922963684 170 0.12787975445789757  
23 javax.microedition.io.ConnectionNotFoundException 133 0.28905531963477044 7 0.1623955831271225 62 0.07948608051094155 105 0.07409351593319191  
24 javax.microedition.io.Connector 133 0.2548482055080873 149 0.15022832039041312 15 0.14636897129532267 45 0.07404100606698018 195 0.06652494393433357 14 0.05922388993359351  
25 javax.microedition.io.ContentConnection 7 0.22146278305233635 117 0.1685858375387825 17 0.12920585034155424 181 0.08677209940052642  
26 javax.microedition.media.Control 152 0.5690901335044941 184 0.1350031366468844 36 0.13107346959907334 11 0.05427186430002327  
27 javax.microedition.media.Controllable 152 0.4424101312548583 181 0.141689351902665 105 0.12497308372138217  
28 javax.microedition.lcdui.CustomItem 126 0.15535302050547706 46 0.1520441574546466 85 0.07868712013096303 115 0.07115745442301752 120 0.06836527774019352 1 0.06553711154755795 112 0.05583779612909458  
29 java.io.DataInput 141 0.5947211314648025 97 0.18329004024004134 14 0.07454246279103635 132 0.052493618547126586  
30 java.io.DataInputStream 141 0.733351935109348 117 0.12434681650502637  
31 java.io.DataOutput 141 0.5905816840735246 14 0.18943102939130774 62 0.10809378772088352  
32 java.io.DataOutputStream 141 0.689182686104284 117 0.13062739080976088  
33 javax.microedition.io.Datagram 176 0.26748821871414236 132 0.21826247999736845 165 0.14557444306928682 141 0.13234666774430595 181 0.05648983333338024 51 0.05222494469142221  
34 javax.microedition.io.DatagramConnection 171 0.15325292177171182 132 0.1520335293127922 168 0.13423732631682841 7 0.13287241113995554 45 0.08021252916051058 133 0.07313014071662584 181 0.050844504679564445  
35 java.util.Date 73 0.38131183284906117 43 0.1848448755564653 140 0.10531924366376982 181 0.07477231020580989 196 0.06579728742786393  
36 javax.microedition.lcdui.DateField 43 0.42748012281846565 50 0.29612518627994716  
37 javax.microedition.lcdui.Display 162 0.25579608593670916 100 0.23158096151640406 197 0.12123516958444992 28 0.07226543388701796 11 0.0630363413972816 106 0.058240748484579004  
38 javax.microedition.lcdui.Displayable 100 0.3130552874294771 146 0.2402805182493433 38 0.1859837345965771 158 0.13250742941794255  
39 java.lang.Double 62 0.7875277670243557  
40 java.io.EOFException 97 0.4042571281963801 141 0.31571034050158353 88 0.11260752178262413  
41 java.util.EmptyStackException 65 0.37675745849084746 180 0.2085469614986908 181 0.055600093421759554  
42 java.util.Enumeration 124 0.40246167869337474 3 0.124774246550716 193 0.10306578472817597 187 0.10094010280272338 180 0.07565060022838793 197 0.0733304768259641  
43 java.lang.Error 88 0.6369715353722247 38 0.07093102393882589 180 0.06328825171220176  
44 java.lang.Exception 88 0.5328297418100346 180 0.11628699784673585  
45 java.lang.Float 62 0.7875277670243557  
46 javax.microedition.lcdui.Font 160 0.3049875342835824 23 0.2888942046854278 199 0.131223146827692 153 0.06206671679282101  
47 javax.microedition.lcdui.Form 186 0.22674156523636632 123 0.11862005255007835 1 0.10886313893129472 138 0.10184480086320734 146 0.07510670509814293 127 0.061695646657048346  
48 javax.microedition.lcdui.game.GameCanvas 29 0.15157419128294478 161 0.12649501309926733 31 0.12059953180746545 163 0.1050207131118474 135 0.10233453567864852 51 0.08219566268603634 120 0.06486347503933924 24 0.05299001375363407  
49 javax.microedition.lcdui.Gauge 156 0.27527641774916445 108 0.19739489276181899 147 0.12310469093624297 104 0.10082025529428933 111 0.0964842388772309 182 0.07259615987680623  
50 javax.microedition.lcdui.Graphics 0 0.13368265185807632 44 0.11101633542348772 137 0.0866628138188341 31 0.07814715949352961 93 0.07576017014337277 30 0.07431491092019418 173 0.0669219019923544 185 0.06039730861701617 23 0.05235047708804754  
51 java.util.Hashtable 3 0.508218424315421 102 0.24085010731108622 180 0.07572782576849729 170 0.05648466359051078  
52 javax.microedition.io.HttpConnection 17 0.38424223059470425 18 0.1530569751695761 39 0.09820306259699862 117 0.08539958026703273 97 0.08229407622001213 149 0.08152096130881173  
53 javax.microedition.io.HttpsConnection 134 0.3283019228431846 17 0.1928057623472107 149 0.14755580700702609 34 0.09769142254190799 18 0.0788125702972888  
54 java.io.IOException 88 0.3238356729315288 56 0.19578372672971048 117 0.15313969175941478 180 0.1397102491034726  
55 java.lang.IllegalAccessException 79 0.4610889013771118 11 0.27252167086554757 180 0.09765422316340315  
56 java.lang.IllegalArgumentException 180 0.5202598406402459 181 0.07970401978201119  
57 java.lang.IllegalMonitorStateException 122 0.542479694322346 180 0.16175752605799368 167 0.07991297485516247 65 0.06431528251687113  
58 java.lang.IllegalStateException 180 0.23377845335033337 53 0.16880799571343413 104 0.16619270531055444 11 0.10349220934432694 88 0.05298767164189625  
59 java.lang.IllegalThreadStateException 104 0.19700041758100448 20 0.13411254595579333 167 0.13039790111022695 180 0.10573519440276406 62 0.062220895639023284  
60 javax.microedition.lcdui.Image 137 0.25669230862429293 54 0.13560810894443234 128 0.08942450314901224 153 0.06359578993181633 100 0.053545355771615906  
61 javax.microedition.lcdui.ImageItem 94 0.46737503120957313 100 0.1689337241008032 1 0.14875041106460188 36 0.0550099549096045  
62 java.lang.IndexOutOfBoundsException 180 0.424965628941256 38 0.12046885013869062 36 0.07890629879098761 187 0.06207778964027256  
63 javax.microedition.io.InputConnection 7 0.48474874884203006 141 0.14408358444986835  
64 java.io.InputStream 141 0.28350512655326177 117 0.22264406781556784 181 0.1739609013299285 38 0.12658202652564413  
65 java.io.InputStreamReader 139 0.5915856029993254 141 0.22423537539100782 10 0.07076777219369469  
66 java.lang.InstantiationException 79 0.34763757281921215 180 0.1920458644344707 11 0.18771289251287293  
67 java.lang.Integer 62 0.818536058857593  
68 java.lang.InterruptedException 122 0.26711625011466633 20 0.2068943504043438 180 0.11066909190397331 113 0.1063619139928089  
69 java.io.InterruptedIOException 88 0.21995274905402554 56 0.19279987949639119 117 0.16120788322721483 141 0.09067876307697136 187 0.06398226982819695 62 0.058273534327605514  
70 javax.microedition.rms.InvalidRecordIDException 59 0.5725971632604413 168 0.06192932948660668  
71 javax.microedition.lcdui.Item 1 0.13914190016029565 123 0.12902192907471455 169 0.08241660066959842 158 0.08010252813062188 140 0.06980935672811617 92 0.0695719688155084 100 0.06925557052433955  
72 javax.microedition.lcdui.ItemCommandListener 158 0.4110209019321334 1 0.15258183239680753 168 0.09473041153520059 197 0.0751151495184955  
73 javax.microedition.lcdui.ItemStateListener 100 0.1932740461966752 40 0.1745974135110086 1 0.1508938431397807 104 0.0838938959856731  
74 javax.microedition.lcdui.game.Layer 112 0.42684761189372905 25 0.3724095570388009  
75 javax.microedition.lcdui.game.LayerManager 114 0.3174910095112914 112 0.21463738182525655 25 0.10646897018416604 100 0.0702511148567507 71 0.06729483164756624 31 0.05444614950761172  
76 javax.microedition.lcdui.List 99 0.34296123479595503 92 0.15085520366821742 129 0.10534613878651003 36 0.08860848117981264 158 0.0673870643598169 100 0.06666884299427948 87 0.061240152969698515  
77 java.lang.Long 62 0.7836320588345587  
78 javax.microedition.midlet.MIDlet 116 0.2647832840722533 11 0.21657332509680072 106 0.14358965821791206 130 0.1115644342588736 181 0.09622614217264389 197 0.066593932816909 36 0.05066568897111021  
79 javax.microedition.midlet.MIDletStateChangeException 106 0.22853600098125315 88 0.18501677810432743 104 0.17284389418067223 11 0.12447017509998065  
80 javax.microedition.media.Manager 152 0.2875116502932524 45 0.2760437069849482 72 0.25758393410729324 149 0.07532105342811898  
81 java.lang.Math 62 0.1753015900266044 51 0.15878858440784432 56 0.1480150886484202 180 0.0936184077235742  
82 javax.microedition.media.MediaException 88 0.3049076602952971 34 0.3046349866504215  
83 java.lang.NegativeArraySizeException 180 0.4009096472499517 140 0.1552702838543202 11 0.13867077957229448  
84 java.lang.NoClassDefFoundError 79 0.3256547344160417 27 0.1805594172900332 180 0.10843539178257629 196 0.10521607560478777 197 0.055357283254774584  
85 java.util.NoSuchElementException 124 0.5031390858447047 180 0.22684559899476858  
86 java.lang.NullPointerException 58 0.40196781227248063 180 0.2477596340125638 195 0.10742433918084308 100 0.06820972156193196  
87 java.lang.NumberFormatException 20 0.23768086903580427 180 0.1989313135942792 141 0.12780533679228745 149 0.05280984157169071  
88 java.lang.Object 180 0.4009096472499516 38 0.06649168738206213 181 0.058860477926018215 140 0.057458748726561246  
89 java.lang.OutOfMemoryError 196 0.35321823253697576 122 0.13028258060272288 180 0.11764114404437785  
90 javax.microedition.io.OutputConnection 7 0.49711788817443187 117 0.17300338730035458  
91 java.io.OutputStream 117 0.3809571677069265 58 0.15106001751864673 38 0.10541068125412086 181 0.10494680215854062 141 0.06370122334367963  
92 java.io.OutputStreamWriter 139 0.5170222217407399 141 0.12721882112618074 51 0.1054098289928199 181 0.055189203130716215  
93 javax.microedition.media.Player 130 0.23174128401189217 2 0.21339150409936128 110 0.10000700110686557 152 0.07895830886511822 119 0.06297920788941402 97 0.06199637341304207 40 0.05565447879579981  
94 javax.microedition.media.PlayerListener 86 0.31761205721784463 40 0.2541767274140563 170 0.14809892254087967 77 0.08507904465156241 152 0.060764141879799484  
95 java.io.PrintStream 51 0.3158835636028893 117 0.17018381386507206 139 0.15168752694688276 88 0.07068621209954264 180 0.0681545119887999  
96 javax.microedition.io.PushRegistry 179 0.12017483856717041 78 0.09398965268550434 106 0.0872375794607281 175 0.07173500968095306 132 0.06331161789077917 194 0.06212539693503866 171 0.05580687076379416 149 0.05394956124174802  
97 java.util.Random 151 0.40160879675603034 107 0.16394396281615425 66 0.09620032953119531 180 0.06098129405803565 170 0.0609218565447405 149 0.053949491761182994  
98 java.io.Reader 139 0.40555172196768086 180 0.11814520139139394 38 0.11275072217439096 170 0.10946384549665718 181 0.10082377580608187  
99 javax.microedition.rms.RecordComparator 101 0.4863927857771938 95 0.2797570803749876  
100 javax.microedition.rms.RecordEnumeration 101 0.23507944727913546 69 0.11167451636299316 136 0.10681513004047363 59 0.08390663149494273 76 0.08366193202369793 32 0.07967698860115946 197 0.06846158726403406 97 0.059723382355491406 124 0.05187478963395999  
101 javax.microedition.rms.RecordFilter 101 0.37648939062472336 84 0.24251210470068668 59 0.16330810446357777  
102 javax.microedition.rms.RecordListener 59 0.517227614616218 40 0.08167721136235916 168 0.07656802022261014  
103 javax.microedition.rms.RecordStore 136 0.34386687643132796 75 0.16416050822519562 36 0.14556849857508772 106 0.11788472120581305 71 0.05842875104404877 170 0.056916646687950566  
104 javax.microedition.rms.RecordStoreException 59 0.3885537878927307 88 0.31314120450004224  
105 javax.microedition.rms.RecordStoreFullException 59 0.6594526167322163  
106 javax.microedition.rms.RecordStoreNotFoundException 59 0.5475083692418954 79 0.07114413941504846  
107 javax.microedition.rms.RecordStoreNotOpenException 59 0.42204995601324996 97 0.16902306641756498 180 0.08999049386312927  
108 java.lang.Runnable 167 0.4457376543263101 181 0.21802073038573047 180 0.07774950377809334 133 0.07618955996766459 89 0.052469736408464834  
109 java.lang.Runtime 11 0.6331525613352963 9 0.09127161237458882 62 0.06151675696254294  
110 java.lang.RuntimeException 88 0.4176573370807993 180 0.22548905707594236 196 0.11071630194036626  
111 javax.microedition.lcdui.Screen 100 0.41469044645028014 63 0.1946965585459817 38 0.07658720452430137  
112 javax.microedition.io.SecureConnection 134 0.25188163115269596 33 0.19048170391706742 149 0.18918818710989582 103 0.1575821318420276 171 0.08488028389384575  
113 java.lang.SecurityException 180 0.2882344663314327 42 0.1934271441803205 149 0.13678323221233135  
114 javax.microedition.io.SecurityInfo 134 0.3930842421219846 149 0.19149791282212425 179 0.1325924168430019 181 0.10265023059260693  
115 javax.microedition.io.ServerSocketConnection 171 0.27538646286288926 149 0.19928964104209343 103 0.17924148727931163 33 0.12746567388075752 141 0.05458550096092605  
116 java.lang.Short 105 0.34119470698331794 180 0.22300980317712135  
117 javax.microedition.io.SocketConnection 33 0.21548710189077813 103 0.20582866422363574 149 0.19499717544059397 117 0.11645789232707228 171 0.09608064884195741  
118 javax.microedition.lcdui.Spacer 123 0.4040098226516314 6 0.16645662613211465 11 0.12949784811873102 1 0.11961891114454214 104 0.057408268666606685  
119 javax.microedition.lcdui.game.Sprite 172 0.30131822455392465 76 0.16398893173661694 118 0.1402534137019685 25 0.08415045299017088 112 0.0833557442834489 181 0.060846349971073715 170 0.06034991730027135  
120 java.util.Stack 65 0.4193367119546953 187 0.13085457994019561 44 0.10148682133939342 1 0.07820950157882346 153 0.07196963123230686 180 0.05920059366942505  
121 javax.microedition.io.StreamConnection 117 0.39566103150903636 149 0.2438927941065331 7 0.10538247620498643  
122 javax.microedition.io.StreamConnectionNotifier 7 0.6275382079339847  
123 java.lang.String 96 0.27812557001441274 49 0.1477408426996846 164 0.147522359917195 10 0.09760976116811818 153 0.0939584059288975 180 0.061134450580329625  
124 java.lang.StringBuffer 51 0.30412921940890636 49 0.18061550593221518 70 0.13151144963425954 66 0.06600624077286134  
125 java.lang.StringIndexOutOfBoundsException 180 0.4932463408388127 140 0.05469404916613393 181 0.05167305736487758  
126 javax.microedition.lcdui.StringItem 83 0.26976684747174523 1 0.24699207130236284 107 0.12614938130820913 108 0.07818049793155621 100 0.059951693618514136  
127 java.lang.System 180 0.1782192645637654 23 0.12649124149360705 181 0.06923924832076167 62 0.059530348590306224  
128 javax.microedition.lcdui.TextBox 24 0.4816904631708327 146 0.12498003666307607 100 0.10832746546820132 197 0.07052866108073479 174 0.06277685357281429 107 0.053985234081012495  
129 javax.microedition.lcdui.TextField 24 0.23388864370574874 52 0.1412976502066654 10 0.0872796353882077 60 0.08041267786129551 19 0.06247898145715073 147 0.05795557711982339  
130 java.lang.Thread 167 0.4166569410249375 4 0.15463268577729064 38 0.12644595303234918 11 0.10332337310894688 196 0.07618338293116426  
131 java.lang.Throwable 88 0.413275844134393 195 0.11737251863753427 180 0.09913472143998765 86 0.06094972763619426 140 0.05766690160080739 36 0.05607822158789776  
132 javax.microedition.lcdui.Ticker 16 0.4247875250730773 100 0.22184957671041833 116 0.10650841202292037 146 0.10650762935880558 36 0.05955559027650268  
133 javax.microedition.lcdui.game.TiledLayer 154 0.5098613851018146 112 0.11575265401292373 31 0.10609680664914381 63 0.08817979616296598  
134 java.util.TimeZone 91 0.548862813611451 43 0.15474158676618982 105 0.09320981319715321 153 0.06977458743831583  
135 java.util.Timer 142 0.3932044567770736 82 0.19266480331712546 167 0.14522774806668923 21 0.07824128185371033 36 0.055635983575992295 42 0.05225686522812836  
136 java.util.TimerTask 142 0.5304390896002869 167 0.1696557033488816  
137 javax.microedition.media.control.ToneControl 166 0.45030526213288075 68 0.23073541256000465 90 0.16507880553861953  
138 javax.microedition.io.UDPDatagramConnection 103 0.2518648614048563 149 0.18674595594691573 132 0.18218266612085302 33 0.11166290820896288 47 0.08149090150749648 17 0.05089381826455855  
139 java.io.UTFDataFormatException 141 0.699100867082645  
140 java.io.UnsupportedEncodingException 139 0.24922349025822213 180 0.18793058056428133 105 0.10603321673421946  
141 java.util.Vector 187 0.3218197798072779 140 0.23392981431120993 3 0.21172822536902028 180 0.10591560807273753  
142 java.lang.VirtualMachineError 196 0.4263069810062654 180 0.1361158761248223 168 0.055200917278671005 167 0.051622967043984586  
143 javax.microedition.media.control.VolumeControl 184 0.4773800535147948 152 0.2748084593805641  
144 java.io.Writer 139 0.39283004324761595 38 0.1511920517674826 180 0.11258218487160905 181 0.09121106221406922 170 0.07332598227794276  
